100000 100000
260.247 340.305
236.213 295.042
221.502 320.545
174.456 285.992
173.875 286.984
161.91 270.708
161.91 270.708
161.91 270.708
161.91 270.708
161.91 270.708
161.91 270.708
161.91 270.708
161.91 270.708
161.91 270.708
161.91 270.708
161.91 270.708
161.91 270.708
161.91 270.708
159.012 258.734
159.012 258.734
159.012 258.734
159.012 258.734
159.012 258.734
159.012 258.734
159.012 258.734
159.012 258.734
159.012 258.734
154.175 264.416
154.175 264.416
154.175 264.416
147.356 254.821
147.356 254.821
147.356 254.821
147.356 254.821
147.356 254.821
147.356 254.821
144.923 233.186
144.923 233.186
144.923 233.186
144.923 233.186
144.923 233.186
144.923 233.186
144.923 233.186
144.923 233.186
144.923 233.186
144.923 233.186
144.923 233.186
144.923 233.186
144.923 233.186
144.923 233.186
144.923 233.186
144.923 233.186
144.923 233.186
140.741 233.734
140.741 233.734
140.741 233.734
140.741 233.734
140.741 233.734
140.741 233.734
140.741 233.734
140.741 233.734
140.741 233.734
140.741 233.734
140.741 233.734
140.741 233.734
140.741 233.734
140.741 233.734
140.741 233.734
140.741 233.734
140.741 233.734
140.741 233.734
140.741 233.734
140.741 233.734
140.741 233.734
140.741 233.734
140.741 233.734
140.741 233.734
140.741 233.734
140.741 233.734
140.741 233.734
140.741 233.734
140.741 233.734
140.741 233.734
140.741 233.734
140.741 233.734
140.741 233.734
140.741 233.734
140.741 233.734
140.741 233.734
140.741 233.734
140.741 233.734
140.741 233.734
140.741 233.734
140.741 233.734
140.741 233.734
140.741 233.734
140.741 233.734
138.251 228.19
138.251 228.19
138.251 228.19
138.251 228.19
138.251 228.19
138.251 228.19
138.251 228.19
138.251 228.19
138.251 228.19
138.251 228.19
138.251 228.19
138.251 228.19
138.251 228.19
138.251 228.19
138.251 228.19
138.251 228.19
138.251 228.19
138.251 228.19
138.251 228.19
138.251 228.19
138.251 228.19
138.251 228.19
138.251 228.19
138.251 228.19
138.251 228.19
138.251 228.19
138.251 228.19
138.251 228.19
138.251 228.19
138.251 228.19
138.251 228.19
138.251 228.19
138.251 228.19
138.251 228.19
138.251 228.19
138.251 228.19
138.251 228.19
138.251 228.19
138.251 228.19
138.251 228.19
138.251 228.19
138.251 228.19
138.251 228.19
138.251 228.19
138.251 228.19
138.251 228.19
138.251 228.19
138.251 228.19
138.251 228.19
138.251 228.19
138.251 228.19
138.251 228.19
138.251 228.19
138.251 228.19
138.251 228.19
138.251 228.19
135.847 230.867
135.847 230.867
135.847 230.867
135.847 230.867
135.847 230.867
135.847 230.867
135.847 230.867
135.847 230.867
135.847 230.867
135.847 230.867
135.847 230.867
135.847 230.867
135.847 230.867
135.847 230.867
135.847 230.867
135.847 230.867
135.847 230.867
135.847 230.867
135.847 230.867
135.847 230.867
135.847 230.867
135.847 230.867
135.847 230.867
135.847 230.867
135.847 230.867
135.847 230.867
135.847 230.867
135.847 230.867
135.847 230.867
135.847 230.867
135.847 230.867
135.847 230.867
135.847 230.867
135.847 230.867
135.847 230.867
135.847 230.867
135.847 230.867
135.847 230.867
135.847 230.867
135.847 230.867
135.847 230.867
135.847 230.867
135.847 230.867
135.847 230.867
135.847 230.867
135.847 230.867
135.847 230.867
135.847 230.867
135.847 230.867
135.847 230.867
135.847 230.867
135.847 230.867
135.847 230.867
135.847 230.867
135.847 230.867
135.847 230.867
135.847 230.867
135.847 230.867
135.847 230.867
135.847 230.867
135.847 230.867
135.847 230.867
135.847 230.867
135.847 230.867
135.847 230.867
135.847 230.867
135.847 230.867
135.847 230.867
135.847 230.867
135.847 230.867
135.847 230.867
135.847 230.867
135.847 230.867
135.847 230.867
135.847 230.867
135.847 230.867
135.847 230.867
135.847 230.867
135.847 230.867
135.847 230.867
135.847 230.867
135.847 230.867
135.847 230.867
135.847 230.867
135.847 230.867
135.847 230.867
135.847 230.867
135.847 230.867
135.847 230.867
135.847 230.867
135.847 230.867
135.847 230.867
135.847 230.867
135.847 230.867
135.847 230.867
135.847 230.867
135.847 230.867
135.847 230.867
135.847 230.867
135.847 230.867
135.847 230.867
135.847 230.867
135.847 230.867
135.847 230.867
135.847 230.867
135.847 230.867
135.847 230.867
135.847 230.867
135.847 230.867
135.847 230.867
135.847 230.867
135.847 230.867
135.847 230.867
135.847 230.867
135.847 230.867
135.847 230.867
135.847 230.867
135.847 230.867
135.847 230.867
135.847 230.867
135.847 230.867
135.847 230.867
135.847 230.867
135.847 230.867
135.847 230.867
135.847 230.867
135.847 230.867
135.847 230.867
135.847 230.867
135.847 230.867
135.847 230.867
135.847 230.867
135.847 230.867
135.847 230.867
135.847 230.867
135.847 230.867
135.847 230.867
135.847 230.867
135.847 230.867
135.847 230.867
135.847 230.867
135.847 230.867
135.847 230.867
135.847 230.867
135.847 230.867
135.847 230.867
135.847 230.867
135.847 230.867
135.847 230.867
135.847 230.867
135.847 230.867
135.847 230.867
135.847 230.867
135.847 230.867
135.847 230.867
135.847 230.867
135.847 230.867
135.847 230.867
135.847 230.867
135.847 230.867
135.847 230.867
135.847 230.867
135.847 230.867
135.847 230.867
135.847 230.867
135.847 230.867
135.847 230.867
135.847 230.867
135.847 230.867
135.847 230.867
135.847 230.867
135.847 230.867
135.847 230.867
135.847 230.867
135.847 230.867
135.847 230.867
135.847 230.867
135.847 230.867
135.847 230.867
135.847 230.867
135.847 230.867
135.847 230.867
135.847 230.867
135.847 230.867
135.847 230.867
135.847 230.867
135.847 230.867
135.847 230.867
135.847 230.867
135.847 230.867
135.847 230.867
135.847 230.867
135.847 230.867
135.847 230.867
135.847 230.867
135.847 230.867
135.847 230.867
135.847 230.867
135.847 230.867
135.847 230.867
135.847 230.867
135.847 230.867
135.847 230.867
135.847 230.867
135.847 230.867
135.847 230.867
135.847 230.867
135.847 230.867
135.847 230.867
135.847 230.867
135.847 230.867
135.847 230.867
135.847 230.867
135.847 230.867
135.847 230.867
135.847 230.867
135.847 230.867
135.847 230.867
135.847 230.867
135.847 230.867
135.847 230.867
135.847 230.867
135.847 230.867
135.847 230.867
135.847 230.867
135.847 230.867
135.847 230.867
135.847 230.867
135.847 230.867
135.847 230.867
135.847 230.867
135.847 230.867
135.847 230.867
135.847 230.867
135.847 230.867
135.847 230.867
135.847 230.867
135.847 230.867
135.847 230.867
135.847 230.867
135.847 230.867
135.847 230.867
135.847 230.867
135.847 230.867
135.847 230.867
135.847 230.867
135.847 230.867
135.847 230.867
135.847 230.867
135.847 230.867
135.847 230.867
135.847 230.867
135.847 230.867
135.847 230.867
135.847 230.867
135.847 230.867
135.847 230.867
135.847 230.867
135.847 230.867
135.847 230.867
135.847 230.867
135.847 230.867
135.847 230.867
135.847 230.867
135.847 230.867
135.847 230.867
135.847 230.867
135.847 230.867
135.847 230.867
135.847 230.867
135.847 230.867
135.847 230.867
135.847 230.867
135.847 230.867
135.847 230.867
135.847 230.867
135.847 230.867
135.847 230.867
135.847 230.867
135.847 230.867
135.847 230.867
135.847 230.867
135.847 230.867
135.847 230.867
135.847 230.867
135.847 230.867
135.847 230.867
135.847 230.867
135.847 230.867
135.847 230.867
135.847 230.867
135.847 230.867
135.847 230.867
135.847 230.867
135.847 230.867
135.847 230.867
135.847 230.867
135.847 230.867
135.847 230.867
135.847 230.867
135.847 230.867
135.847 230.867
135.847 230.867
135.847 230.867
135.847 230.867
135.847 230.867
135.847 230.867
135.847 230.867
135.847 230.867
135.847 230.867
135.847 230.867
135.847 230.867
135.847 230.867
135.847 230.867
135.847 230.867
135.847 230.867
135.847 230.867
135.847 230.867
135.847 230.867
135.847 230.867
135.847 230.867
135.847 230.867
135.847 230.867
135.847 230.867
135.847 230.867
135.847 230.867
135.847 230.867
135.847 230.867
135.847 230.867
135.847 230.867
135.847 230.867
135.847 230.867
135.847 230.867
135.847 230.867
135.847 230.867
135.847 230.867
135.847 230.867
135.847 230.867
135.847 230.867
135.847 230.867
135.847 230.867
135.847 230.867
135.847 230.867
135.847 230.867
135.847 230.867
135.847 230.867
135.847 230.867
135.847 230.867
135.847 230.867
135.847 230.867
135.847 230.867
135.847 230.867
135.847 230.867
135.847 230.867
135.847 230.867
135.847 230.867
135.847 230.867
135.847 230.867
135.847 230.867
135.847 230.867
135.847 230.867
135.847 230.867
135.847 230.867
135.847 230.867
135.847 230.867
135.847 230.867
135.847 230.867
135.847 230.867
135.847 230.867
135.847 230.867
135.847 230.867
135.847 230.867
135.847 230.867
135.847 230.867
135.847 230.867
135.847 230.867
135.847 230.867
135.847 230.867
135.847 230.867
135.847 230.867
135.847 230.867
135.847 230.867
135.847 230.867
135.847 230.867
135.847 230.867
135.847 230.867
135.847 230.867
135.847 230.867
135.847 230.867
135.847 230.867
135.847 230.867
135.847 230.867
135.847 230.867
135.847 230.867
135.847 230.867
135.847 230.867
135.847 230.867
135.847 230.867
135.847 230.867
135.847 230.867
135.847 230.867
135.847 230.867
135.847 230.867
135.847 230.867
135.847 230.867
135.847 230.867
135.847 230.867
135.847 230.867
135.847 230.867
135.847 230.867
135.847 230.867
135.847 230.867
135.847 230.867
135.847 230.867
135.847 230.867
135.847 230.867
135.847 230.867
135.847 230.867
135.847 230.867
135.847 230.867
135.847 230.867
135.847 230.867
135.847 230.867
135.847 230.867
135.847 230.867
135.847 230.867
135.847 230.867
135.847 230.867
